./Instances/iris,0.62963,0.586667,0.444444,0.38,0.846,0.88119,8.8119
./Instances/iris,0.685185,0.713333,0.527778,0.57,0.842,0.832748,8.32748
./Instances/cleveland,0.879784,0.562452,0.809927,0.304112,0.406061,1.95829,19.5829
./Instances/cleveland,0.909441,0.560345,0.856347,0.30242,0.378114,2.00451,20.0451
./Instances/led7digit,0.654,0.594,0.61395,0.546205,0.5562,2.6064,26.064
./Instances/led7digit,0.671556,0.596,0.633981,0.549297,0.516,2.60733,26.0733
./Instances/pima,0.924904,0.684586,0.833784,0.300224,0.451953,4.35809,43.5809
./Instances/pima,0.92389,0.697243,0.830866,0.326448,0.44974,4.43573,44.3573
./Instances/wdbc,0.944187,0.906099,0.882469,0.799949,0.790685,4.94215,49.4215
./Instances/wdbc,0.91101,0.90456,0.808303,0.792711,0.813357,5.18335,51.8335
./Instances/monk2,0.86858,0.812248,0.736627,0.624306,0.666667,2.26192,22.6192
./Instances/monk2,0.863941,0.778088,0.727101,0.554905,0.669444,2.20459,22.0459
./Instances/wisconsin,0.875677,0.857187,0.692857,0.649004,0.863397,5.78782,57.8782
./Instances/wisconsin,0.892309,0.856504,0.737164,0.646268,0.860029,5.90377,59.0377
./Instances/wine,0.719713,0.766588,0.573962,0.638933,0.852247,1.20076,12.0076
./Instances/wine,0.664901,0.630824,0.479544,0.430522,0.86236,1.26334,12.6334
./Instances/glass,0.749338,0.630476,0.650735,0.488294,0.608411,0.999608,9.99608
./Instances/glass,0.775968,0.678286,0.677973,0.525359,0.597664,0.983588,9.83588
./Instances/banknote,0.850829,0.848301,0.685175,0.678842,0.946064,23.723,237.23
./Instances/banknote,0.842726,0.844027,0.668833,0.671848,0.944096,23.7348,237.348
./Instances/appendicitis,0.577431,0.565,0.08744,0.0798835,0.85283,0.5098,5.098
./Instances/appendicitis,0.567986,0.53875,0.0273792,-0.0808492,0.85,0.466081,4.66081
./Instances/balance,0.747711,0.679947,0.602316,0.48915,0.81648,5.47411,54.7411
./Instances/balance,0.808097,0.697448,0.689251,0.500016,0.77856,4.86863,48.6863
./Instances/bands,0.904138,0.683604,0.797236,0.343635,0.429589,2.91829,29.1829
./Instances/bands,0.900818,0.68916,0.79148,0.342675,0.42137,2.94227,29.4227
./Instances/contraceptive,0.896658,0.423619,0.840115,0.113701,0.288459,10.0343,100.343
./Instances/contraceptive,0.889264,0.430408,0.828914,0.124118,0.295791,10.0947,100.947
./Instances/dermatology,0.827838,0.844585,0.78143,0.803636,0.818436,2.93909,29.3909
./Instances/dermatology,0.822646,0.815681,0.776499,0.768516,0.81257,3.06044,30.6044
./Instances/ecoli,0.919595,0.786946,0.883634,0.686569,0.54494,1.77181,17.7181
./Instances/ecoli,0.903174,0.770862,0.858733,0.662029,0.561012,1.69853,16.9853
./Instances/haberman,0.879002,0.683333,0.68996,0.198795,0.483987,1.25825,12.5825
./Instances/haberman,0.892101,0.680556,0.713999,0.172278,0.47451,1.26256,12.6256
./Instances/hayes_roth,0.672222,0.6375,0.475373,0.412692,0.555625,0.568514,5.68514
./Instances/hayes_roth,0.70625,0.55625,0.525098,0.27389,0.520625,0.584661,5.84661
./Instances/heart,0.874074,0.711111,0.743668,0.410359,0.551481,1.51451,15.1451
./Instances/heart,0.87572,0.744444,0.747455,0.476753,0.534444,1.63468,16.3468
./Instances/hepatitis,0.766667,0.7125,0.389112,0.251189,0.70125,0.418499,4.18499
./Instances/hepatitis,0.680556,0.6375,0.354279,0.0431758,0.73875,0.381224,3.81224
./Instances/mammographic,0.868407,0.727711,0.736389,0.454527,0.553373,4.6206,46.206
./Instances/mammographic,0.876439,0.73494,0.752591,0.469262,0.543133,4.65062,46.5062
./Instances/newthyroid,0.766342,0.764469,0.24011,0.190379,0.867907,1.23179,12.3179
./Instances/newthyroid,0.798451,0.814103,0.343224,0.379387,0.877674,1.34287,13.4287
./Instances/tae,0.735212,0.589583,0.603418,0.385972,0.458278,0.536677,5.36677
./Instances/tae,0.759406,0.604167,0.63585,0.401803,0.435762,0.524591,5.24591
./Instances/vehicle,0.913861,0.691587,0.885067,0.588264,0.461348,6.63924,66.3924
./Instances/vehicle,0.92289,0.714444,0.897078,0.618789,0.456619,6.70896,67.0896
./Instances/vowel,0.719753,0.69899,0.691728,0.668889,0.776364,7.79362,77.9362
./Instances/vowel,0.733446,0.741414,0.70679,0.715556,0.765152,7.59261,75.9261
./Instances/yeast,0.932839,0.552649,0.912317,0.413439,0.333625,10.0944,100.944
./Instances/yeast,0.928649,0.541856,0.907147,0.402012,0.33996,10.1586,101.586
./Instances/banana,0.885208,0.839434,0.774398,0.669408,0.646283,4.1284,41.284
./Instances/banana,0.891396,0.844717,0.787243,0.680762,0.643906,4.2071,42.071
./Instances/cardiotocography,0.917764,0.884481,0.778203,0.653796,0.637295,1.26627,12.6627
./Instances/cardiotocography,0.922754,0.887369,0.790035,0.659589,0.641099,1.25883,12.5883
./Instances/eye_state,0.881535,0.790654,0.766303,0.567434,0.495928,12.8483,128.483
./Instances/eye_state,0.883097,0.790387,0.7696,0.567256,0.495027,12.7403,127.403
./Instances/page_blocks,0.9542,0.946452,0.787485,0.69032,0.793586,5.68812,56.8812
./Instances/page_blocks,0.956228,0.948098,0.801874,0.70846,0.801809,6.1383,61.383
./Instances/penbased,0.98334,0.987991,0.982598,0.986654,0.506523,10.7222,107.222
./Instances/penbased,0.981239,0.984989,0.980263,0.983317,0.509225,10.8815,108.815
./Instances/satimage,0.929505,0.876308,0.915644,0.848053,0.444895,9.27069,92.7069
./Instances/satimage,0.913988,0.867295,0.896878,0.83744,0.452028,9.40464,94.0464
./Instances/thyroid,0.928833,0.893194,0.668621,0.41001,0.76275,7.99326,79.9326
./Instances/thyroid,0.948639,0.908472,0.748014,0.437382,0.726375,7.71497,77.1497
./Instances/segment,0.720173,0.161472,0.675202,0.0217172,0.343506,1.34358,13.4358
./Instances/segment,0.750043,0.151515,0.710051,0.010101,0.311948,1.35858,13.5858
./Instances/coil2000,0.92756,0.8708,0.54615,0.0831457,0.620373,16.7916,167.916
./Instances/coil2000,0.925808,0.869375,0.539059,0.0923241,0.617074,16.876,168.76
./Instances/magic,0.883328,0.795478,0.744637,0.523191,0.551609,16.1945,161.945
./Instances/magic,0.893197,0.79632,0.769325,0.529193,0.541388,16.1391,161.391
./Instances/marketing,0.799851,0.274584,0.773431,0.173265,0.241754,5.15888,51.5888
./Instances/marketing,0.771494,0.276039,0.740936,0.174706,0.277749,5.17926,51.7926
./Instances/phoneme,0.867041,0.833269,0.654016,0.537467,0.55966,3.2103,32.103
./Instances/phoneme,0.878246,0.837885,0.689079,0.557165,0.547668,3.1949,31.949
./Instances/ring,0.9725,0.826351,0.954992,0.651667,0.486635,7.72423,77.2423
./Instances/ring,0.972068,0.833784,0.95413,0.666581,0.497824,7.93261,79.3261
./Instances/spambase,0.924625,0.877515,0.849706,0.736826,0.543441,6.01864,60.1864
./Instances/spambase,0.940109,0.879688,0.883848,0.744034,0.522689,6.16491,61.6491
./Instances/texture,0.9676,0.967818,0.96536,0.9646,0.5572,6.77205,67.7205
./Instances/texture,0.969055,0.968545,0.96696,0.9654,0.558673,6.69163,66.9163
./Instances/titanic,0.738967,0.747824,0.283135,0.291828,0.748523,1.61597,16.1597
./Instances/titanic,0.63402,0.639251,0.0042666,0.00151864,0.743208,1.7557,17.557
./Instances/twonorm,0.934514,0.912297,0.879018,0.824577,0.647784,7.84801,78.4801
./Instances/twonorm,0.940392,0.916892,0.890772,0.833763,0.632946,7.5477,75.477
./Instances/credit_card,0.889799,0.716333,0.677746,0.175264,0.421147,5.53284,276.642
./Instances/credit_card,0.895765,0.716,0.699985,0.183417,0.415822,5.53607,276.803
./Instances/shuttle,0.9988,0.998948,0.997327,0.997012,0.842792,18.671,933.551
./Instances/shuttle,0.998805,0.998932,0.997344,0.996968,0.837182,18.3168,915.838
