./Instances/iris,0.968889,0.946667,0.953333,0.92,0.975333,0.123181,1.23181
./Instances/cleveland,0.660323,0.558238,0.433002,0.269824,0.96229,0.290248,2.90248
./Instances/led7digit,0.768444,0.75,0.742213,0.7214,0.9746,0.426957,4.26957
./Instances/pima,0.805991,0.730388,0.562491,0.39139,0.947786,0.997708,9.97708
./Instances/wdbc,0.955653,0.93467,0.903101,0.857302,0.988576,0.804397,8.04397
./Instances/monk2,0.903526,0.881809,0.806606,0.763771,0.979861,0.453665,4.53665
./Instances/wisconsin,0.973974,0.963608,0.9427,0.919962,0.992826,1.27875,12.7875
./Instances/wine,0.969959,0.935294,0.954147,0.900119,0.973034,0.184379,1.84379
./Instances/glass,0.759632,0.680762,0.643862,0.525243,0.950935,0.213754,2.13754
./Instances/banknote,0.993036,0.989781,0.985905,0.979345,0.982143,2.41989,24.1989
./Instances/appendicitis,0.942222,0.90375,0.717905,0.487475,0.975472,0.113243,1.13243
./Instances/balance,0.868783,0.87092,0.754084,0.758176,0.9848,0.833006,8.33006
./Instances/bands,0.74554,0.706098,0.413406,0.323892,0.963562,0.367401,3.67401
./Instances/contraceptive,0.657918,0.477306,0.4676,0.187481,0.826409,2.36492,23.6492
./Instances/dermatology,0.947266,0.936944,0.933276,0.919585,0.97486,0.394572,3.94572
./Instances/ecoli,0.846565,0.808858,0.773281,0.715204,0.964881,0.380029,3.80029
./Instances/haberman,0.790837,0.731667,0.317257,0.141181,0.985294,0.290306,2.90306
./Instances/hayes_roth,0.703472,0.51875,0.527413,0.234133,0.94,0.141817,1.41817
./Instances/heart,0.852675,0.796296,0.699991,0.583487,0.980741,0.255103,2.55103
./Instances/hepatitis,0.9,0.85,0.3634,0.125714,0.9775,0.0793148,0.793148
./Instances/mammographic,0.834003,0.813253,0.667951,0.626239,0.975301,1.11504,11.1504
./Instances/newthyroid,0.966928,0.943773,0.919923,0.853059,0.981395,0.225285,2.25285
./Instances/tae,0.674798,0.52375,0.509266,0.28174,0.921854,0.117239,1.17239
./Instances/vehicle,0.781852,0.640794,0.709138,0.520571,0.905792,1.07275,10.7275
./Instances/vowel,0.868799,0.789899,0.855679,0.768889,0.849394,1.25324,12.5324
./Instances/yeast,0.653779,0.54111,0.546262,0.398582,0.884636,2.36103,23.6103
./Instances/banana,0.880925,0.883208,0.768681,0.763117,0.971302,0.246507,2.46507
./Instances/cardiotocography,0.873025,0.876539,0.659383,0.650131,0.976327,0.0818525,0.818525
./Instances/eye_state,0.798405,0.767156,0.597662,0.522893,0.851422,1.03898,10.3898
./Instances/page_blocks,0.938686,0.946637,0.683059,0.680497,0.992763,0.369905,3.69905
./Instances/penbased,0.97277,0.979804,0.970851,0.977554,0.92934,0.691399,6.91399
./Instances/satimage,0.864328,0.862163,0.834883,0.829851,0.962657,0.399612,3.99612
./Instances/thyroid,0.933972,0.942083,0.392944,0.381821,0.991875,0.427086,4.27086
./Instances/segment,0.234026,0.152814,0.10803,0.0116162,0.918961,0.0958936,0.958936
./Instances/coil2000,0.924647,0.93199,0.046633,0.0222971,0.990104,0.927952,9.27952
./Instances/magic,0.812739,0.807466,0.579673,0.553238,0.931293,1.52582,15.2582
./Instances/marketing,0.383002,0.289394,0.294738,0.186197,0.88089,0.332032,3.32032
./Instances/phoneme,0.80346,0.806619,0.543892,0.537364,0.981514,0.272171,2.72171
./Instances/ring,0.920365,0.913378,0.850663,0.826634,0.938095,0.63558,6.3558
./Instances/spambase,0.863466,0.865998,0.725969,0.720504,0.979443,0.249413,2.49413
./Instances/texture,0.938673,0.944182,0.93354,0.9386,0.937164,0.274768,2.74768
./Instances/titanic,0.767175,0.775084,0.430384,0.435301,0.991822,0.0791647,0.791647
./Instances/twonorm,0.947757,0.954595,0.905513,0.909188,0.984068,0.418368,4.18368
./Instances/credit_card,0.797329,0.7948,0.325005,0.312022,0.983601,0.363862,18.1931
./Instances/shuttle,0.996975,0.997621,0.993274,0.993237,0.980129,1.2807,64.0352
./Instances/iris,0.957037,0.913333,0.935556,0.87,0.968,0.0380682,0.380682
./Instances/cleveland,0.697021,0.603831,0.501621,0.337535,0.849495,0.115231,1.15231
./Instances/led7digit,0.699333,0.682,0.664308,0.644574,0.901,0.17838,1.7838
./Instances/pima,0.780221,0.686153,0.508879,0.29524,0.836458,0.447847,4.47847
./Instances/wdbc,0.939046,0.931841,0.866351,0.850444,0.953954,0.328257,3.28257
./Instances/monk2,0.829209,0.770491,0.658892,0.541911,0.917361,0.150485,1.50485
./Instances/wisconsin,0.965353,0.96802,0.923335,0.929343,0.950366,0.639463,6.39463
./Instances/wine,0.970613,0.937176,0.955475,0.905014,0.967978,0.0694017,0.694017
./Instances/glass,0.795416,0.691048,0.696335,0.533191,0.86215,0.062949,0.62949
./Instances/banknote,0.985017,0.989051,0.969609,0.977801,0.959913,1.40115,14.0115
./Instances/appendicitis,0.936111,0.92375,0.675945,0.614408,0.975472,0.0379394,0.379394
./Instances/balance,0.785971,0.77116,0.610321,0.584729,0.96304,0.268643,2.68643
./Instances/bands,0.776557,0.674187,0.508701,0.285188,0.823288,0.154101,1.54101
./Instances/contraceptive,0.609941,0.452898,0.393645,0.151545,0.786558,1.4189,14.189
./Instances/dermatology,0.93239,0.927841,0.913713,0.907582,0.93743,0.184602,1.84602
./Instances/ecoli,0.839944,0.766667,0.769299,0.662373,0.882738,0.103572,1.03572
./Instances/haberman,0.801006,0.743333,0.382689,0.20929,0.889542,0.0872253,0.872253
./Instances/hayes_roth,0.704167,0.50625,0.530194,0.212631,0.874375,0.0326834,0.326834
./Instances/heart,0.857202,0.785185,0.709755,0.56666,0.891111,0.0984523,0.984523
./Instances/hepatitis,0.894444,0.8375,0.415736,0.117143,0.9725,0.0293471,0.293471
./Instances/mammographic,0.813119,0.777108,0.626026,0.554167,0.889157,0.414385,4.14385
./Instances/newthyroid,0.943231,0.907509,0.85793,0.758935,0.967442,0.0920455,0.920455
./Instances/tae,0.702004,0.511667,0.547417,0.252495,0.84106,0.0354828,0.354828
./Instances/vehicle,0.747711,0.662778,0.663551,0.550095,0.83948,0.513533,5.13533
./Instances/vowel,0.789562,0.726263,0.768519,0.698889,0.823535,0.654367,6.54367
./Instances/yeast,0.654312,0.529765,0.547351,0.385197,0.794811,1.45447,14.5447
./Instances/banana,0.885,0.882453,0.776392,0.76078,0.893189,0.100804,1.00804
./Instances/cardiotocography,0.87499,0.879051,0.659751,0.652088,0.973791,0.0331052,0.331052
./Instances/eye_state,0.796115,0.763885,0.590638,0.513175,0.816275,0.717402,7.17402
./Instances/page_blocks,0.936368,0.9439,0.686336,0.683116,0.982237,0.190697,1.90697
./Instances/penbased,0.975253,0.982897,0.97361,0.980992,0.808406,0.498021,4.98021
./Instances/satimage,0.88116,0.874912,0.855824,0.845832,0.82965,0.246693,2.46693
./Instances/thyroid,0.92675,0.925278,0.507409,0.424212,0.9175,0.214987,2.14987
./Instances/segment,0.332771,0.148052,0.223232,0.00606061,0.794286,0.0370057,0.370057
./Instances/coil2000,0.923159,0.928018,0.0942542,0.0276643,0.91066,0.651277,6.51277
./Instances/magic,0.812766,0.796845,0.571086,0.517486,0.849858,1.00727,10.0727
./Instances/marketing,0.451141,0.279529,0.375311,0.177979,0.761257,0.189603,1.89603
./Instances/phoneme,0.819957,0.812527,0.533818,0.494303,0.885751,0.114046,1.14046
./Instances/ring,0.920932,0.892027,0.851744,0.783711,0.821581,0.307064,3.07064
./Instances/spambase,0.878794,0.874693,0.754352,0.734391,0.880966,0.139048,1.39048
./Instances/texture,0.954618,0.954909,0.95108,0.9504,0.853382,0.170104,1.70104
./Instances/titanic,0.696064,0.74102,0.249664,0.254852,0.99264,0.037011,0.37011
./Instances/twonorm,0.943365,0.946351,0.896725,0.892697,0.890297,0.231367,2.31367
./Instances/credit_card,0.783109,0.7732,0.348721,0.263583,0.854372,0.148887,7.44435
./Instances/shuttle,0.99801,0.99831,0.995087,0.995203,0.931956,0.872412,43.6206
